$ANSIBLE_VAULT;1.1;AES256
34653963666566336265626634356239383830623537323766396637343832333838366332633264
3838656561643564386464653262336262393663343335350a626332653634306533323232646262
34623661656363323161643665333434366534336433626465333763626365383363633838363638
6539333437376566630a363834346239326231636464666239326237396563396339653465373631
39663430323262626239653533646166376435343232623833323437323439623736303532303436
38356163646463356363663366326634346430343132383631323662643033623233623733636431
65306537653838313934326135346230643464363333346363306563653739636431663837386261
38303838326436303839373132323361663533306665623464323164393030356433653065653962
63353664353937656161636561666633356437373639643031623763356137316239373166353732
39656537626166666261313332323137303734333032613536613965353165303937363630653130
363565353830376264383333376261663362
